
 0 2 
 1 2 
 2 2 
 3 2 
 4 2 
 5 2 
 6 2 
 7 2 
 8 2 
 9 2 
 10 2 
 11 2 
 12 2 
 13 2 
 14 2 
 15 2 
 16 2 
 17 2 
 18 2 
 19 2 
 20 2 
 21 2 
 22 2 
 23 2 
 24 2 
 25 2 
 26 2 
 27 2 
 28 2 
 29 2 
 30 2 
 31 2 
 32 2 
 33 2 
 34 2 
 35 2 
 36 2 
 37 2 
 38 2 
 39 2 
 40 2 
 41 2 
 42 2 
 43 2 
 44 2 
 45 2 
 46 2 
 47 2 
 48 2 
 49 2 
 50 2 
 52 2 
 53 2 
 54 2 
 55 2 
 56 2 
 57 2 
 58 2 
 59 2 
 60 2 
 61 2 
 62 2 
 63 2 
 64 2 
 65 2 
 66 2 
 67 2 
 68 2 
 69 2 
 70 2 
 71 2 
 72 2 
 76 2 
 77 2 
 79 2 
 84 2 
 94 2 
 95 2 
 98 2 
 108 2 
 110 2 
 184 2 
 185 2 
 223 2 
 225 2 
 339 2 
 385 2 
 419 2 
 420 2 
 422 2 
 469 2 
 1052 2 
 1068 2 
 1069 2 
 1071 2 
 1072 2 
 1089 2 
 1099 2 
 1154 2 
 1199 2 
 2155 2 
 2157 2 
 2203 2 
 2220 2 
 2251 2 
 2254 2 
 3246 2 
 3247 2 
 3253 2 
 3254 2 
 3255 2 
 4120 2 
 4152 2 
 27108 2 
 27325 2 
 27343 2 
 32419 2 
 35885 2 
 1538392 2 
 1542024 2 
 1639779 2 
 1641355 2 
 1641577 2 
 1641586 2 
 1641587 2 
 1645159 2 